   2.0000000e+00  -6.2812585e-01   6.5445284e-01   1.5406084e-01  -8.7774941e-01   2.0101429e+00  -9.4561098e-01   1.2282952e+00  -2.5804379e-01  -2.5941602e+00   9.1216647e-01
   1.0000000e+00  -1.2817461e+00  -5.9600909e-01  -1.3566680e+00   1.3241191e-01   1.3497794e+00  -1.1618840e+00  -4.3231258e-01   9.1555759e-01   7.3122582e-02  -3.1850305e-01
   2.0000000e+00   8.5707569e-01  -2.5416014e-01   7.3904723e-01   1.5541576e+00  -3.2015949e-01  -8.7145004e-01   2.7005670e-01  -8.3008880e-01  -1.4727399e+00  -1.7745805e+00
   1.0000000e+00  -1.1169654e-01   1.9331966e+00  -2.2114236e+00   5.0079657e-01  -9.9239967e-01  -1.0757491e+00  -4.2456233e-01   1.9732540e-01  -2.7534175e-01   6.8007037e-01
   2.0000000e+00  -6.4467428e-01  -1.6651794e-01   6.5602245e-01  -6.1015264e-01   4.2856377e-01  -7.3127954e-01   1.5663924e+00  -6.7519291e-01  -3.6297196e-01   4.3393342e-01
   2.0000000e+00   2.2198876e-01   1.4272002e+00   4.9978115e-01  -4.8039340e-01  -1.9714537e-01   8.3349997e-03  -1.9864390e-03  -1.0693188e+00  -9.4474122e-01  -6.5783872e-01
   2.0000000e+00   6.9201007e-01   6.2002317e-01  -9.4199988e-01  -1.0767674e+00   9.5772391e-02   4.7054031e-01  -9.3865178e-01  -6.8643983e-01  -1.0034952e+00   4.8204340e-01
   2.0000000e+00   1.1994021e+00   2.0581449e-01   1.1756019e+00  -1.8661144e-01   6.0751597e-01   9.7312255e-01  -9.7859020e-01   7.8195059e-01  -2.2563238e-01   4.1427417e-01
   2.0000000e+00   1.4644562e-01  -1.2083293e+00  -8.8819787e-01   7.5134069e-01  -3.7946542e-01   2.3787720e+00   5.9856285e-01  -4.3745272e-03  -7.5754627e-01   1.2391702e+00
   1.0000000e+00  -5.3531928e-01   3.6638123e-01  -1.6819245e+00   5.0191003e-01  -7.3898332e-01   2.3304556e+00   4.1967820e-01  -1.4985115e+00   2.2212697e-01   1.0279063e+00
   2.0000000e+00   1.2397027e+00  -1.1567386e+00  -3.5975691e-01  -8.1072319e-01   5.5076111e-01   6.5633628e-01   1.5026149e+00  -6.8092528e-01  -8.9733551e-01   7.7914881e-01
   1.0000000e+00  -6.8928413e-01  -7.6407660e-02  -1.3615445e+00   5.2693273e-01  -3.0350034e-01  -2.7211355e-01  -7.8405932e-01   1.8334405e-01   3.1490691e-01   5.1841810e-01
   2.0000000e+00   6.1014801e-01   1.1359553e+00   1.3170351e+00  -1.0982519e+00  -3.8200466e-01   1.4500338e+00  -1.2260616e+00  -1.8217435e-01   8.3619704e-02   8.8830894e-01
   2.0000000e+00  -4.3269861e-01   4.9410784e-01   1.2851267e+00  -8.3878851e-01   1.5313988e+00   1.6959508e-03   6.6144718e-01  -1.1354809e+00   7.4894884e-03  -1.1518000e+00
   1.0000000e+00  -8.8586880e-02   4.1842503e-01  -5.6700062e-01   7.0179125e-01   1.6000991e-01  -1.0112610e+00  -1.9207649e-01  -1.3749782e+00   4.4793702e-01  -7.6866803e-01
   2.0000000e+00  -1.0178448e+00   1.0435350e+00  -9.6995818e-01   1.1032662e+00  -9.2290644e-01  -1.1320966e+00   1.7458464e-01   1.2735499e+00  -9.4436829e-01   6.4743325e-01
   2.0000000e+00   1.1868785e-01  -1.1112346e+00   6.9700171e-01  -4.6417826e-01  -8.5033228e-01   2.1759281e+00   4.6001823e-01  -3.6833386e-01   2.6741578e+00   1.6646635e+00
   2.0000000e+00   2.1295928e+00  -1.4562997e-01   7.1525203e-01   3.6535040e-01   2.1416845e-01  -9.4636516e-01  -1.4677854e-01  -9.2670537e-01  -1.5482061e+00  -7.0597527e-01
   2.0000000e+00   9.0078637e-01  -3.2744736e-01   9.7180430e-01  -1.1034957e+00   1.1212511e-02   1.3734730e+00   1.1934522e+00   1.2644350e+00   1.0726189e+00   2.3839987e-01
   2.0000000e+00  -4.5071078e-01  -1.2882738e-01  -4.7966104e-01  -8.4628433e-02   2.6684654e-02  -7.6284883e-01  -2.1103819e+00   7.5529272e-02  -1.6415179e+00   1.7984140e+00
   2.0000000e+00  -1.7123512e-01  -2.4721209e+00   7.2438992e-01  -6.7654754e-01   1.3788715e+00  -1.6442310e-02  -1.3142245e+00  -3.1034242e+00   1.0661932e+00   2.6742874e+00
   2.0000000e+00   1.1521661e+00  -1.9351756e+00   1.1141126e+00  -1.1410780e+00  -7.8386356e-01   1.0108071e+00   7.6369154e-01   3.0244455e-01   1.4117515e+00   3.0685651e-01
   2.0000000e+00   5.7187763e-01  -5.7313805e-01   1.9504348e+00  -1.2580583e+00   2.0123450e-01  -7.4446781e-02   1.4539469e+00   4.6743727e-02   1.7977456e+00   6.5783728e-01
   2.0000000e+00   6.6231791e-01   1.1189417e-01   2.0023901e+00   1.8530728e+00   4.0501346e-01  -2.4637162e+00  -2.6323528e-01  -4.7922903e-01  -7.5092765e-01  -2.7932274e-01
   2.0000000e+00   5.0581248e-01   3.6723137e-01   5.7440649e-02  -3.6280093e-02  -3.2672887e-01  -5.0144391e-01  -2.1636753e+00   6.0887854e-01   1.8315510e+00   1.6937981e+00
   2.0000000e+00   5.3996561e-01   1.7036352e+00  -5.6879185e-01   8.2376452e-01  -2.1596072e+00  -3.5986740e-01   9.7388517e-01  -5.4603408e-02  -1.5767884e+00  -6.1675848e-01
   2.0000000e+00   3.6416035e-01   1.5756942e-01   1.2625999e+00  -1.0306535e+00   8.3402009e-01  -1.1397056e+00  -2.7787724e-01   2.0744545e+00  -1.3124279e+00   9.4961174e-01
   2.0000000e+00  -1.6560158e-01   7.9470126e-02  -4.3122267e-01   1.5376575e+00   4.1531615e-01   2.6495723e-01  -1.6832496e-01   7.7622969e-01   1.0648321e+00   4.0258733e-02
   2.0000000e+00  -1.3377522e+00  -2.2610513e+00   1.7815444e+00  -2.1551894e-01   8.0365171e-01   1.7143405e-01   9.5182539e-01   1.9586564e+00  -4.8952216e-01   9.3207104e-01
   1.0000000e+00   3.1551726e-01   1.4910776e-01  -1.3823073e+00   1.2368276e-01  -2.6482525e-01  -1.8193097e+00  -1.6631237e-01   1.0044866e+00  -6.4703054e-01  -9.2586587e-02
   2.0000000e+00   9.9606094e-01   7.0014884e-01  -2.2770110e+00  -2.1504002e-01   5.7269349e-01   3.8165124e-01   9.6872943e-01  -4.7892418e-01   2.0221986e-01   9.2145590e-01
   2.0000000e+00  -1.0331332e-01   1.4119773e+00   4.4762742e-01  -1.5270507e-01   3.3615347e-01  -1.1600530e+00   8.1720481e-01   1.1519434e+00   1.8187827e-01   4.3598211e-01
   2.0000000e+00  -2.7909821e-01  -1.4339860e+00   6.1868761e-01   1.5729615e+00  -1.8648660e-01  -1.2616626e+00  -1.2489544e+00  -1.8572046e-01   7.2902699e-01   1.3648745e+00
   2.0000000e+00   6.2756135e-03  -1.8623100e+00  -1.8134408e-01   3.8430540e-01   3.0981024e-01  -3.4202502e-01   5.6295666e-01   9.5956957e-01  -1.9905554e+00  -1.1787176e+00
   2.0000000e+00   5.0991622e-01   5.8430537e-01  -1.0804052e+00  -7.8011180e-01   3.1145801e-01  -6.7779852e-01  -7.1693047e-01  -5.5091869e-01   4.3576537e-01   1.8815953e+00
   2.0000000e+00   1.1302066e-01   4.0832854e-01  -1.2734468e+00   1.5121570e+00  -1.4010561e-01  -1.7485528e-02  -9.0355122e-01   4.8510870e-01   9.8808459e-02   2.6546204e-01
   2.0000000e+00   1.7316928e+00  -7.4407291e-01  -1.8037088e+00  -1.3828740e+00  -4.4335532e-01  -5.0781532e-01  -1.2696497e+00  -1.0099196e+00  -1.1243784e-01  -1.7061577e+00
   2.0000000e+00   4.1299804e-01  -5.4815242e-01   2.9817233e-01   9.4758421e-01  -6.0528019e-02   2.5592536e-01  -1.3189958e+00  -9.1627384e-01  -5.6931965e-01  -1.2169062e-01
   2.0000000e+00  -5.3268838e-01   9.9857285e-01  -3.0928434e-01  -6.6050669e-01   1.3613982e-01  -8.9686041e-01   1.7491158e+00  -1.8319677e+00   9.2968593e-02   5.3403161e-01
   2.0000000e+00   8.9725970e-01  -1.2945202e+00  -1.7937550e+00  -6.2950094e-01   4.1254439e-01   4.6657415e-01  -1.7325518e-02  -2.9975685e-01   8.6064661e-01   2.2641606e-01
   2.0000000e+00  -4.0594682e-02  -5.7420237e-01   1.1466487e+00  -1.7578492e+00  -1.2269291e-01  -4.9897836e-01  -4.3778609e-01  -2.4156557e+00   5.0165406e-01  -1.2519045e+00
   1.0000000e+00   8.2207689e-02  -5.2511848e-01   1.2967865e+00   4.5768745e-01  -6.8930012e-01  -3.6845478e-01  -7.1160498e-01  -5.4529046e-01   8.3031490e-01  -4.2131647e-01
   1.0000000e+00  -5.7597860e-01   1.5849453e+00  -1.1991084e+00   6.0568407e-01   6.6384732e-01   3.3013654e-01  -4.1467865e-01  -1.6841180e+00  -2.4692627e-02  -5.3934595e-02
   1.0000000e+00  -1.6807307e+00  -4.6553663e-01  -5.5200071e-01   2.7188072e-01  -2.7048740e-02  -1.0609412e+00  -2.0263696e-01  -1.0441325e+00   6.0104721e-01   1.0743602e-01
   1.0000000e+00  -1.7752901e+00  -1.2660250e+00  -3.3208130e-01   9.1506545e-02  -1.8757969e+00  -3.0516354e-01  -2.9566962e-01   9.7490228e-01   7.1061548e-02  -2.4518430e-01
   2.0000000e+00  -5.9670811e-01  -3.2410010e-01  -1.5364648e-01   1.1081545e+00   2.3474855e-01  -2.4717538e+00   1.7604238e-01   1.2417008e+00   2.0147947e-01   1.1431254e+00
   2.0000000e+00  -1.2849858e+00  -1.7030465e-01  -1.0396883e+00  -2.4168885e+00   3.2046196e-01  -1.4859299e+00  -6.1843869e-01   4.1422006e-01   2.8126373e-01  -1.6565628e-01
   1.0000000e+00   5.0519951e-01  -9.1419026e-01   5.4726717e-01   4.1195628e-01  -1.1344723e+00  -1.4194217e-01  -6.3097226e-01  -1.3744796e+00  -4.7096002e-01   1.4088623e-01
   2.0000000e+00  -6.2318958e-01   1.0145892e+00  -2.3437878e+00  -2.6727470e-01   7.2142632e-02   4.0991436e-01  -3.3029850e-01  -5.4689130e-01   1.7374687e+00  -8.6461553e-02
   2.0000000e+00  -1.0431482e+00   1.8932308e-01   1.5840549e+00   6.1600221e-01   8.8247808e-01  -7.8030490e-01   4.9275207e-01  -3.6482023e-01  -8.0747866e-01  -1.7337462e+00
   2.0000000e+00   9.0028887e-01  -1.3791152e+00  -1.4180643e+00  -4.6299595e-01  -6.6547122e-01  -1.3783541e+00  -3.0572740e-01  -7.8081378e-01   1.2684642e+00   6.8884007e-02
   2.0000000e+00   1.7744343e+00   5.9271033e-01   7.4479780e-01  -1.0345299e-01   1.2207160e+00   1.1868317e+00  -7.5146326e-01  -7.2387060e-01   4.5417869e-01  -5.4718067e-01
   1.0000000e+00  -1.3016430e+00   3.6983366e-01   1.5024192e-02   3.8280750e-01   1.5005110e+00  -1.2286515e-01   2.0107248e+00  -9.5155343e-01   5.9007223e-01  -1.5535188e+00
   2.0000000e+00   4.8879589e-01  -1.4098297e+00   1.5743660e+00   1.5042820e+00   2.2188574e+00   1.2252495e-01   1.4092076e+00   1.4385874e+00  -4.3420257e-01  -5.2875145e-01
   2.0000000e+00   2.0300282e-01  -1.3789077e+00   1.3677053e-01  -1.7026687e+00  -4.5020872e-01  -6.8365968e-01   8.3233392e-01   5.9105876e-02   1.0695354e+00   9.7186931e-01
   2.0000000e+00   2.3995979e-01   5.8639752e-01  -7.3874677e-01   5.6680815e-01  -7.6866071e-01  -5.2309114e-01  -4.2449151e-01   2.8339832e-01   8.5631919e-01  -1.4203001e-01
   2.0000000e+00   1.5477250e+00  -5.9294352e-01   9.1422411e-01  -2.0153341e+00  -6.1003666e-01  -4.0002794e-01   9.4939452e-01   3.0701044e-01  -1.0800088e+00   3.4274242e-01
   2.0000000e+00  -1.8951097e-01  -2.8397646e-01   3.3548150e-01   1.3885776e+00   1.1196269e+00   1.5976773e+00  -3.8424908e-01   5.9824633e-01   1.8086802e+00  -1.1474378e+00
   2.0000000e+00   5.0160318e-01  -7.1257635e-01  -9.0445977e-01  -1.1935240e+00  -5.9239472e-01   1.1085823e+00  -1.3146524e+00   1.7127344e+00   4.3039158e-02   1.9706246e-01
   2.0000000e+00   1.5043205e-01  -2.8406284e-01   2.5939550e+00   2.6317155e+00  -3.6410508e-01  -6.3804588e-01  -1.2126186e+00   3.5687012e-01   1.8474685e+00  -1.2039997e+00
   1.0000000e+00   1.7601905e-01  -1.0923277e+00   1.5739074e-01   5.3022333e-01   2.3872743e-01  -1.0018422e+00  -1.0347376e+00   6.6070192e-01   5.7213480e-01  -5.5104685e-01
   1.0000000e+00   9.0222296e-01  -1.1076364e+00   1.3149465e+00   5.7251791e-01   1.1658823e-01   1.0835574e+00  -3.7148712e-01  -2.9256256e-01  -2.2924430e-01  -4.0702626e-01
   2.0000000e+00  -1.4717419e+00  -9.3218766e-01  -3.2324641e-01   5.1556493e-01  -3.6010726e-01  -1.1890371e-02   2.2560365e+00   4.8186775e-01  -1.8006366e+00   1.2957953e+00
   2.0000000e+00  -8.5453360e-01   9.5694674e-01  -7.7857898e-01  -1.7863019e+00   3.0965502e-01  -1.5672623e+00   4.6542600e-01  -2.7847529e-01  -4.9167881e-02  -2.1648129e-01
   2.0000000e+00  -1.6060369e+00  -4.9561928e-01  -6.4522610e-01   1.2788332e+00   3.8992882e-01   1.0345730e+00  -7.1876741e-01   5.9099947e-01  -1.4558226e+00   9.7578944e-01
   2.0000000e+00  -1.0939819e+00   1.3540056e+00  -1.2863119e+00  -3.6740095e-01  -2.8020045e-01   7.6942129e-01   1.0438192e-01   6.6165489e-01   5.6878240e-01  -7.3428563e-01
   2.0000000e+00  -2.5172538e-01  -2.3937369e-01   3.9300307e-02  -5.7315648e-02  -1.0286625e+00  -4.5866230e-01   8.6355109e-01  -3.1479983e-01  -6.2246028e-01  -1.9445756e-01
   2.0000000e+00   1.1829897e+00   4.2421602e-01  -1.7328685e+00   2.9379463e+00   4.6200689e-01   8.3164807e-01  -1.3641067e+00  -1.7099448e-01   1.3521250e-01  -7.0632579e-01
   2.0000000e+00   9.8806014e-02   8.3828108e-01   1.3045843e+00  -1.4089722e-01  -2.2906930e-01   3.9702977e-01   6.7786096e-01   4.8254083e-01  -1.3587344e+00  -1.7990382e+00
   2.0000000e+00  -1.4262120e+00  -9.0038776e-01  -1.8184051e+00  -2.0626996e-02   7.4727350e-01   4.8885741e-01   9.7459952e-01  -2.5400238e-01   4.1517632e-01   3.8805433e-01
   2.0000000e+00   1.3802996e+00   3.4135883e-01  -1.2067062e-01  -4.9298261e-01   3.2985739e-01   4.9500356e-01  -1.6229250e+00  -2.0800104e+00  -8.9621492e-01   1.1747165e+00
   2.0000000e+00  -1.6465982e+00  -3.1089104e-02   3.9410632e-01  -5.2672710e-01  -1.4805825e+00  -4.2027446e-01  -6.8536635e-01  -1.1717605e+00   3.4588720e-01   3.2020363e-01
   2.0000000e+00   1.3088951e+00   1.6813132e+00   8.3885529e-01  -1.2520330e+00   6.2563414e-01   4.8700040e-02   5.7604908e-01  -1.5213674e+00   9.1028465e-01  -6.3589698e-01
   2.0000000e+00   2.8659458e-01  -3.8403136e-02  -1.6883115e+00  -9.1225113e-01  -4.5027710e-01   1.8370260e-01  -1.0286905e+00  -1.5897622e-01   6.9199137e-01  -1.3889709e+00
   2.0000000e+00   1.6130247e+00  -2.6120939e-01   4.5572287e-01   4.4576972e-01  -9.8312145e-01   8.8654750e-01   8.0586982e-01  -2.1937155e-01   1.3241388e+00  -8.6536427e-01
   1.0000000e+00  -4.1266734e-01   3.7013403e-01  -1.4907091e+00   4.6979022e-02   4.3037019e-01  -1.5820000e+00  -1.2205543e-02   4.0301687e-01  -4.6741294e-01   6.8206487e-01
   2.0000000e+00   2.5687560e-01   6.6364619e-01   9.0783992e-01  -3.0590208e-02  -1.6093539e+00   4.4166885e-02  -2.8449645e-02  -2.3364445e+00  -1.3150484e-01   1.0560855e+00
   1.0000000e+00   5.9610270e-01  -3.6219267e-01  -5.8063811e-01   3.6876366e-02   5.8377487e-01   7.3713576e-01   1.3523617e+00  -1.8385648e+00   6.1046326e-01   6.8489343e-01
   2.0000000e+00   8.7783359e-01   1.7666753e+00   1.4509330e-01   1.3805119e+00   8.4084571e-01  -1.8819249e-01   6.3779067e-01  -2.4622434e-01   1.1393407e-01  -4.3670938e-01
   2.0000000e+00  -1.8585308e-01  -3.8665624e-01   7.7031214e-01   1.3285108e+00  -1.5286995e+00   1.7328744e-01   1.6794482e+00   5.2992001e-01  -6.4343067e-01   3.0877507e-01
   2.0000000e+00  -4.8340761e-01   4.0316251e-01   9.2895541e-01  -5.3710479e-01  -2.4561190e-01   5.1777917e-01  -4.1772060e-01  -8.9201150e-01   3.9595774e-01  -2.4809400e+00
   2.0000000e+00   5.1698032e-01  -6.2938698e-01   2.4383773e-01   1.1236706e+00   1.4808966e+00  -1.0953613e+00   4.3551355e-01   1.6266763e+00  -1.1157616e+00   5.9565359e-01
   2.0000000e+00  -8.8142337e-01   4.2203346e-01  -8.1990041e-01   1.3931277e+00   3.0510230e-01   1.7640596e+00  -3.1929530e-01   4.4526382e-01  -8.5228062e-01  -1.2155852e+00
   2.0000000e+00   2.7651676e-01  -1.2511796e+00   9.3246900e-01   2.1966311e-02  -1.1757148e+00   2.7201848e-01  -4.0592454e-02   2.8499253e-01   1.7892872e+00   9.3691562e-01
   2.0000000e+00  -2.1437506e+00   7.4095140e-01   5.6667481e-01  -4.4237645e-01  -6.7539949e-01  -1.4733146e-01   4.5376695e-01  -3.3810193e-01   1.5857190e+00   1.1913546e+00
   2.0000000e+00   1.3991047e+00   1.6361453e+00   6.2442790e-01   1.4752716e+00  -1.3334412e+00  -8.8482480e-01   9.4832510e-01  -1.5787936e-01  -5.7972637e-01  -2.7516208e+00
   1.0000000e+00  -2.6069475e+00   1.2024577e+00   2.2834139e-01   8.9699059e-02  -1.0555377e+00  -9.4587185e-01   4.7249646e-02  -1.8940203e-02   7.0891179e-02  -7.3806931e-01
   2.0000000e+00  -1.1677464e+00   1.0113783e+00  -1.2227338e+00  -2.9131592e-01   5.1138938e-01   5.1165263e-01   4.3443068e-01  -1.3926083e+00   6.8164993e-01   1.1832601e+00
   2.0000000e+00   1.8138396e+00   9.3909243e-01  -1.1590843e+00   1.1692318e+00   1.7137584e+00  -8.5995761e-01  -6.8366961e-02   7.7796078e-01   4.0957622e-02  -2.0018562e-01
   1.0000000e+00  -8.2158667e-01  -1.6538323e+00  -5.9941589e-01   6.9794901e-02   4.9272688e-01   1.7338319e-01  -4.6445563e-01   1.7700883e+00   4.9896978e-01   6.6849416e-01
   2.0000000e+00   8.0329541e-01   1.2904320e+00   3.3490999e-01  -3.0899373e-01  -2.2906943e+00   3.7079865e-01   4.3916061e-01  -2.7631078e-01  -1.6007161e+00  -2.5293392e-01
   1.0000000e+00  -5.2370798e-01  -7.8578309e-01   4.2956840e-02   3.9315909e-01   1.2277614e+00  -7.6274523e-01   1.5550870e+00  -1.1888963e+00  -9.0095619e-01   3.4761855e-01
   2.0000000e+00   1.6284651e-01   6.7228311e-01  -1.8595843e+00   1.5870686e+00   5.0030162e-02  -2.1693496e+00   1.0265615e+00  -4.5286482e-01  -5.3869350e-02  -6.8572949e-01
   2.0000000e+00  -1.1228440e+00   6.0217869e-01   1.2952980e+00   1.0282094e+00  -1.5866845e+00   9.2307070e-01   4.7619150e-01  -1.1239370e+00   6.6728358e-01  -2.8049063e-01
   2.0000000e+00   6.4745472e-01   1.8463190e-01  -1.1176500e+00   1.1114423e+00   1.7064362e+00  -6.4834096e-01   2.2594248e-01  -1.0485338e+00  -1.1179846e+00   2.5538467e+00
   2.0000000e+00   6.9955255e-01  -4.6627453e-01   1.3851370e+00  -1.1185591e+00   4.7254191e-01  -2.0667705e+00  -1.4496972e+00  -1.4386251e-01  -1.0026169e+00   2.4135788e+00
   2.0000000e+00   1.0304493e+00   7.7024585e-01  -5.6372573e-01  -1.3858055e-01  -3.5377630e-01  -1.0949084e+00   9.4904124e-01   7.6005926e-01  -8.2889779e-01   2.4474569e-01
   2.0000000e+00  -3.9240685e-01  -9.4481647e-01  -1.4500537e-01   1.0583651e+00  -6.3895280e-01  -7.4684006e-01   4.9644309e-01  -1.8942857e+00  -5.2956385e-02   7.9145991e-01
   2.0000000e+00  -1.6361110e+00   5.5737614e-01   9.2006875e-01  -1.1181084e+00  -1.6747639e+00  -1.1799494e+00  -2.6062875e-01   8.2326569e-02  -9.8563997e-01  -7.7584719e-01
   2.0000000e+00  -6.5231032e-01  -1.2442907e-01  -1.7626712e-01   4.6504651e-01   8.7502151e-01   5.0801092e-01   1.9813116e+00  -5.9556317e-01   8.8942891e-01  -4.7299664e-01
   2.0000000e+00   1.0509332e+00   7.5405430e-01  -7.6314630e-01  -1.0891042e+00   1.7640777e+00  -1.2774396e+00   1.4692528e-01   9.4104822e-01   1.6897480e+00  -4.2441933e-01
   1.0000000e+00   5.7061505e-02  -6.7288510e-01  -1.2566039e+00   3.2879577e-01  -1.0848549e+00  -1.2170376e+00   2.5892350e-01   4.3934664e-01   7.7689873e-01  -5.5292031e-01
   2.0000000e+00  -3.6375752e-02  -7.2887099e-01  -1.5238182e+00  -3.6198430e-01  -1.5810404e+00   1.0759239e+00  -9.7880069e-03   1.8956954e+00  -4.8122609e-01   1.1767042e+00
   1.0000000e+00  -1.3239734e+00  -1.2294832e+00  -2.3530195e-01   3.0868209e-01   1.2025274e+00  -2.5741673e+00   7.3418778e-01   5.1931498e-01  -1.5340664e-01  -6.8324579e-01
   2.0000000e+00   1.7761641e+00   9.5533470e-01  -2.8819422e-01  -7.5038901e-01  -4.0083612e-02  -9.9539075e-01  -2.1303661e+00  -7.3336538e-02   8.9605646e-01   1.4954981e-01
   2.0000000e+00  -4.2958795e-01  -5.1670596e-01  -2.5224253e-01  -1.0144469e+00  -1.6061872e+00   1.9458063e-01   9.8458178e-01  -1.4162025e+00  -3.2150549e-01  -1.3460158e+00
   2.0000000e+00   1.7915900e-01  -8.0081819e-01   8.0115921e-01  -1.3650419e+00   1.9404306e-01  -1.3283900e+00  -1.9705762e+00   1.1877915e+00  -1.0513635e+00   1.4567399e+00
   2.0000000e+00  -1.1244013e+00  -2.1203416e+00  -1.7031617e+00   5.2270764e-01   6.1803462e-01  -5.4222104e-02  -5.1314374e-01   4.3395741e-01  -7.7427161e-01  -8.8826585e-01
   2.0000000e+00  -1.6557248e+00  -7.5764064e-01   1.7738842e+00  -3.4197745e-01   2.2333337e-01   3.1594842e-01  -5.6521735e-01   8.3299978e-01   5.8951059e-01  -1.7827160e-01
   2.0000000e+00  -1.1264946e-01  -1.0046050e+00   5.4903783e-01  -5.7183288e-01   1.9319463e-01  -7.5470804e-01  -1.5438852e-01   9.4214783e-01  -1.5385715e+00   4.1282785e-01
   1.0000000e+00   1.3495739e-02  -6.8925423e-01   1.9132575e-01   1.3036078e-01   3.9863348e-01  -3.6472809e-01  -6.4815743e-01   1.3165294e-01   6.1385439e-01  -9.6089057e-01
   1.0000000e+00  -1.7362679e+00  -6.0317743e-01  -7.4262762e-01   5.5352055e-01  -6.8515510e-01   6.2441232e-01  -6.8565167e-01  -4.5037450e-01   5.5698795e-01  -7.1585805e-01
   2.0000000e+00  -7.2375407e-01  -1.2929264e+00   5.9700382e-01   9.6842423e-01  -6.5675178e-01   9.6042801e-01  -1.8906202e+00   5.8892543e-01   8.0919077e-01   8.0446431e-01
   2.0000000e+00  -1.0199129e+00  -1.1585940e+00   1.8831825e+00   8.7717583e-01   5.0819233e-01  -1.3719417e-01   3.6475526e-01   2.7783120e-01  -1.2618550e+00   6.9369059e-01
   2.0000000e+00   1.0046509e+00   4.3926908e-01  -1.0358676e+00   8.2233694e-01  -2.2458094e+00   2.0440923e+00   8.9030395e-01   7.2734677e-01   1.0055370e+00   1.1452060e-01
   2.0000000e+00  -1.8130453e+00   1.4734870e-01   2.2991550e-01   7.1705923e-01   1.6122913e+00  -3.6322154e-01  -5.6409636e-01   1.2825192e+00  -1.0833665e+00   3.4416215e-01
   2.0000000e+00   1.9466378e+00   1.7494480e+00   1.0810846e+00  -5.7143572e-01  -7.5085258e-01   3.6522718e-01  -1.1672714e+00   2.0894880e+00  -6.1223465e-01   4.4663286e-01
   2.0000000e+00   7.1287200e-01   3.6028570e-01   1.3930917e-02  -3.0883111e-02   4.6225613e-01  -3.9058376e-01   1.2453436e-01   4.6704692e-02   9.8831005e-01  -5.7546857e-01
   2.0000000e+00  -1.1490850e+00  -6.9081354e-01  -3.8020150e-02  -1.0322410e+00   1.3404974e+00  -4.8085304e-01   1.1073107e+00   1.3886155e+00  -1.8830081e+00  -2.0694907e-01
   2.0000000e+00   3.7414192e-01  -6.5372023e-01  -2.0102820e-02  -1.4336383e+00  -2.2895848e+00  -1.5397658e-01   2.2242144e+00   4.3863170e-01  -8.0138779e-01  -1.4513697e+00
   2.0000000e+00   1.2766360e+00   1.3588190e+00   1.5564550e+00  -1.3045733e+00   1.2265956e+00   1.4187296e+00   1.0077066e+00  -1.4600069e+00   1.8576693e+00   5.3070125e-01
   1.0000000e+00   2.6535857e+00   2.7976712e-01  -6.5945976e-02   1.1941970e-01   1.0219208e+00  -3.5250813e-01   2.0488130e+00   1.5363182e-01  -6.4452653e-01   8.1016466e-01
   2.0000000e+00   9.9273548e-01  -1.3144108e+00   1.8546076e+00  -1.2394419e+00  -1.3825290e+00  -6.4979388e-01   1.3275544e+00  -3.1827011e-01   1.3101381e+00  -5.4666747e-01
   2.0000000e+00   8.3824223e-01   6.1660412e-01  -2.1116506e+00  -2.9636535e-01   2.2979663e+00  -6.2847673e-01  -1.2347590e+00  -6.5474133e-01   1.6087382e+00   1.4032443e+00
   2.0000000e+00   2.0129370e-01   9.6408423e-01   2.0572229e+00  -8.9826925e-01  -8.9096664e-01   1.8539541e+00  -5.2192205e-01   1.5732236e+00   1.3255273e+00   5.3208893e-01
   2.0000000e+00  -1.1225207e+00  -8.3660780e-01  -1.1312499e+00  -5.9093245e-01   9.9339680e-01   1.3206212e-01  -1.1190665e+00   7.1352441e-01   1.4604394e+00   6.9463731e-01
   2.0000000e+00   8.8483713e-01   2.7614108e+00  -6.2046010e-02   8.2053683e-01  -1.5652853e+00  -2.5504618e+00  -1.4921233e+00   1.6153910e-01   1.6522831e+00  -5.3136896e-01
   1.0000000e+00   8.2398978e-01  -3.4171239e-01   2.6116451e-02   3.3479278e-01   1.9375213e+00  -7.1612851e-01  -3.1228230e+00   1.8385840e+00   2.3562848e-02   2.0610752e-01
   2.0000000e+00   9.9172300e-01  -1.8420180e-01   6.6627878e-01  -2.5019847e-01   1.7608888e+00   3.7113929e-01   8.4167949e-01  -6.5326090e-01  -4.4201077e-01   3.4684643e-01
   1.0000000e+00  -1.5682041e+00   1.0955533e+00   1.1901550e+00   5.9762803e-01   1.8336603e+00   4.4884645e-01   1.3361153e+00  -3.6343414e-01   3.0101164e-01  -1.0894761e+00
   2.0000000e+00   3.4303358e-01   2.2107860e-02   1.1752918e+00   7.8859983e-01   1.2267154e+00   6.4990160e-01  -3.1945855e-01   1.3839141e+00  -1.8914020e+00   1.4624720e+00
   1.0000000e+00   7.8303598e-01  -1.9687396e-01   4.2914268e-01   5.8048426e-01   2.4121697e-01  -1.7781071e-01  -7.1931154e-01  -3.1930813e-01   1.9030871e-01   1.8537597e-01
   1.0000000e+00  -2.0678754e+00  -4.4637886e-01   4.7638015e-01   4.3277010e-01  -3.8374488e-01   3.1407789e-01   1.5681735e-01  -1.9651218e+00  -3.0304511e-01  -1.5808659e+00
   2.0000000e+00  -1.6434980e+00  -8.9523935e-01   4.6914698e-01  -2.3309948e+00   2.0816607e-02  -2.6699821e+00   2.1575288e-01   9.3266343e-01   2.2307095e+00   1.9783342e-01
   2.0000000e+00  -4.4158880e-01  -6.8689348e-02  -2.6822041e-01  -1.6677360e+00   1.1477543e+00   3.4981828e-01   5.7091486e-01  -1.8521127e+00   1.0331865e+00  -1.7803076e+00
   2.0000000e+00  -4.2310354e-01   9.8675304e-01   6.1875601e-01   1.1473986e+00   6.4628385e-01   4.1021976e-01   2.0806290e+00   1.9523111e+00  -1.0456780e+00  -1.3005218e-01
   2.0000000e+00  -6.9241280e-01  -2.9034985e+00   4.6764784e-01  -1.9723036e-01   2.1029607e+00  -6.3136870e-01   2.9935453e-01  -6.4273187e-01   3.7211043e-01   7.8046135e-01
   2.0000000e+00   1.0977847e+00  -2.2175170e+00   1.0709140e+00  -5.3117943e-01  -4.5240777e-01   1.1287296e+00   1.0347082e-01   7.6558955e-01  -2.9822766e-01   6.0865531e-01
   1.0000000e+00  -6.4597486e-01  -5.6676800e-03   5.4380087e-01   1.3718471e-01  -3.5247650e-01  -9.8084833e-01   4.3982825e-01   1.1243352e+00   7.5432767e-01  -2.1924277e-01
   2.0000000e+00  -1.7746232e-01  -1.7168995e-01   6.6391990e-01  -2.1135307e+00   8.3693572e-01   1.4545531e+00   2.0419664e+00  -1.2684221e+00   2.1663764e+00  -1.0713946e+00
   2.0000000e+00  -2.3391008e+00  -1.2880643e+00  -9.2955709e-01  -8.7703133e-01   1.3528536e+00   5.1812048e-01   5.8899115e-01   1.1259324e+00  -2.0917037e-01   1.6501285e-01
   2.0000000e+00   8.7150993e-01  -1.1785923e+00  -3.0980993e-01  -1.2486745e+00  -1.0179514e+00  -3.3332622e-01  -9.7954107e-01   6.2235963e-01  -9.2653470e-01   7.9019819e-01
   1.0000000e+00   1.2464221e-01   2.5795987e-01  -1.2053403e+00   6.6130315e-02  -1.7076139e+00  -8.5354452e-01   4.1445937e-01   3.7916369e-01  -3.6360069e-01   1.8949877e+00
   2.0000000e+00   1.9208717e+00   7.2212351e-01  -8.4689947e-01  -6.3439383e-01   8.8303616e-01  -7.4857551e-01  -1.5199251e+00   1.1251591e+00  -1.1185370e+00   6.5894730e-01
   2.0000000e+00   2.8662407e-01   6.5218193e-02   6.8573740e-01  -9.5695681e-02  -2.0010682e+00   5.1940187e-02  -2.4474446e-01  -9.6854850e-01  -2.9086860e-01   1.1847300e+00
   1.0000000e+00   1.0095591e-01   5.5774754e-01   5.4403390e-01   5.9866450e-01   2.9570777e+00   8.5428594e-01   1.1765745e+00   6.0265567e-01   4.4787491e-01  -8.1225267e-01
   2.0000000e+00   9.0266300e-01  -1.6116766e-01  -1.9255135e+00   1.2641659e+00  -1.5896998e+00   7.6070675e-01   1.1177090e+00  -1.9362834e+00  -1.4991312e+00   8.2745192e-01
   2.0000000e+00   1.9090993e+00   7.4493886e-01  -1.2347631e-01  -1.1100469e+00  -9.2488805e-01  -4.5296628e-01  -3.0378654e-01   2.7910520e-01  -2.4814626e+00   1.1050995e+00
   2.0000000e+00   9.1449483e-01  -2.1845844e+00   7.1161671e-01   9.1216511e-02  -1.3750364e-01   2.0558543e-01   9.1527579e-01   1.3541525e+00   8.4583652e-01   6.6498918e-01
   1.0000000e+00  -1.6367491e+00   3.9278492e-01  -3.4999938e-01   5.7399362e-01   4.5895601e-01  -1.0786291e+00   1.3121980e-02  -8.4208778e-01  -2.9809908e-01  -1.9997045e+00
   2.0000000e+00  -1.0216978e+00  -8.7446985e-01   1.2915112e+00  -1.9472261e-01  -7.6377766e-01  -3.2330659e-02   1.8529599e+00  -7.3399775e-02  -2.4204363e-01  -2.9359230e+00
   2.0000000e+00  -2.9463339e-01  -1.1848950e-01   6.5907742e-01  -9.3866319e-01   1.4399513e+00   9.0462497e-01   6.4622771e-01  -4.2925085e-01  -1.5684519e+00  -7.5939344e-02
   1.0000000e+00   8.0277700e-01   2.8580051e-01   1.2849148e-01   6.1865854e-01  -7.0604502e-01   1.6124291e-01   4.2337367e-01   1.6833575e+00   8.8236768e-03   2.5493945e+00
   2.0000000e+00  -7.4301979e-01   1.5576074e+00   1.1438395e+00  -6.0089334e-01  -1.5740623e+00  -2.5214142e-01  -4.1745024e-01  -7.9489419e-01   2.1500096e-01  -1.4647623e+00
   2.0000000e+00  -5.0831729e-01   2.1248322e-01   1.3589134e+00  -6.3868998e-01   7.4938932e-01   7.0341907e-01   6.4177369e-01   3.8964150e-01   1.1082766e+00   2.4344676e-01
   1.0000000e+00   5.1599822e-01  -4.3486808e-01   4.8231124e-01   2.9616605e-01   1.4028727e+00   3.4127866e-01  -1.0640886e+00  -7.3067287e-01   6.0275313e-01  -1.8680542e+00
   2.0000000e+00  -6.2519868e-02   3.2300436e-01  -9.6078280e-01  -4.1594450e-01  -1.8505327e+00   5.6719930e-01   2.7825969e+00   6.1054618e-01   7.6774266e-01   6.5442535e-02
   1.0000000e+00  -3.4902096e-01  -4.2958699e-01  -1.9079169e+00   2.2509692e-01  -8.3498281e-01  -1.1053766e+00   1.0156592e+00  -5.4668636e-01   3.4943073e-01   1.8751695e-01
   2.0000000e+00   1.8807742e+00   1.5083095e+00   5.9499357e-01   1.2176288e+00  -1.5484266e+00   1.8159938e-01   1.7643006e-02   7.3500992e-01  -9.6390803e-01  -6.8240457e-02
   2.0000000e+00   6.1937924e-01   7.3332493e-01  -1.1736462e-01   1.1141588e+00   1.3431528e-01   3.0923542e-01  -1.3180111e-01  -1.4651120e+00   1.5646793e-01  -6.6378902e-01
   2.0000000e+00   5.5429825e-01  -8.8523300e-01   9.8165297e-02   7.0398148e-01   9.8667683e-01   3.9660240e-01   1.6074431e-01  -4.8475408e-01   1.6322372e+00   1.0398323e+00
   2.0000000e+00   7.3647113e-01  -7.3748342e-01  -4.6391674e-01   1.3726096e+00   2.4925604e+00   1.8414872e-01   8.9740843e-01  -1.2229278e+00  -1.7929016e+00  -1.0925780e+00
   2.0000000e+00  -1.1584393e+00   1.7326239e+00   4.3586734e-01   1.1547776e+00  -1.3302513e-01   3.1319092e-01   1.1926951e+00  -7.0440133e-01   7.1085738e-01   5.4447461e-01
   2.0000000e+00   3.5863850e-01  -1.1575922e+00   1.3634253e+00   7.1037371e-01  -8.0804201e-02   5.2755576e-01  -1.3260144e+00  -1.2506854e-01   8.7562323e-01  -3.3778435e-01
   2.0000000e+00  -3.8891622e-01  -4.1328277e-01   6.8110351e-01   9.5709990e-01   1.8047198e+00  -1.3031315e+00  -1.8340450e+00  -6.4493213e-01  -8.1269333e-01   3.8407828e-02
   2.0000000e+00  -1.5485922e+00  -9.2180650e-01  -1.9248571e+00  -1.9293441e-01  -3.9216423e-01  -1.9163244e+00   1.8588076e+00  -1.7611732e-02   1.5038282e+00  -6.2718813e-01
   2.0000000e+00   2.1846011e-01  -1.2541452e+00  -1.4413902e+00  -1.2373862e-02  -4.5452526e-01   1.0343201e+00   4.5008859e-01   2.2342642e+00   1.1967924e+00  -4.2400454e-01
   1.0000000e+00  -1.6079684e+00   7.6629284e-02   7.6816212e-01   4.5068394e-01  -4.6980789e-01  -1.7173455e+00  -7.1048800e-01   1.0212225e+00  -4.2976006e-01   1.1167142e+00
   2.0000000e+00  -5.4585618e-01   3.7914364e-01  -1.6730591e+00  -1.7353427e-01   8.6113914e-01  -7.9623187e-01  -3.7208662e-01   9.0246457e-02  -1.9717180e+00   8.7911502e-01
   2.0000000e+00   8.1898779e-01   7.5996979e-01  -1.5291386e+00  -5.4917772e-01   1.4363547e+00  -3.7387661e-01   7.0169107e-01  -2.7990316e-01  -1.1962519e+00   2.4637049e-01
   1.0000000e+00  -7.6829431e-01  -1.6094163e+00  -7.2872050e-01   5.7103717e-01  -1.8499184e+00  -8.5168789e-01   1.4086899e+00  -5.6331523e-01  -7.0978764e-01  -6.1799745e-01
   2.0000000e+00   1.0304176e+00  -2.9672332e-01   3.0295489e-01  -1.5422697e+00  -1.0165890e+00  -1.2596608e+00  -2.4154798e-01   8.0416826e-01   1.2346060e+00  -1.8867922e-01
   2.0000000e+00   3.1982275e-01  -8.7239680e-01   1.1952375e-01   2.8156256e-01   2.2321206e-01  -1.9482558e+00  -2.6503104e-01   1.1784630e+00   1.3989948e+00   1.6135410e+00
   2.0000000e+00   5.5123746e-01   6.9664968e-01  -2.0722562e-01   1.7660143e+00  -9.6912234e-01   8.2304158e-01  -1.3677600e+00   1.2649852e+00  -4.7186847e-01  -5.9768926e-01
   1.0000000e+00   5.6536352e-01  -1.9502425e+00  -1.4664931e+00   3.4398984e-01  -5.7211595e-03  -1.4342885e-01   1.9860729e-02  -7.7115816e-01  -4.6478405e-01   1.7161293e-01
   2.0000000e+00  -5.5677948e-01  -6.2553764e-01   1.1110559e+00  -1.6437485e-01  -6.4157650e-01  -8.5319455e-02  -9.8710158e-01  -3.8695635e-01  -1.1096400e+00  -6.4294089e-01
   2.0000000e+00   1.9247434e-01  -2.0186917e-01   3.0538303e-01  -1.1764361e-01   6.3207006e-01  -4.8437482e-02   5.6802935e-01  -2.9779298e+00  -5.2575251e-01   8.6323028e-01
   2.0000000e+00  -2.1217023e+00  -1.7102799e+00   1.6188292e+00   2.8196859e-01  -1.7187421e+00  -8.0978982e-01  -1.4345345e+00   1.6478217e-01  -1.0248584e+00  -1.1237278e+00
   2.0000000e+00  -5.0897595e-03  -6.9317899e-02  -1.0367228e+00   3.0431621e-01   2.7885083e-01   2.2935467e-01   1.1074384e+00  -7.0940387e-01  -1.6615509e+00   9.2348915e-01
   2.0000000e+00   9.5621744e-01  -1.0795870e+00   6.7329636e-01   1.7010180e+00  -2.1885013e-01   3.3980684e-01   1.9116319e+00  -1.3035266e-01   9.5737682e-01  -1.6848669e-01
   2.0000000e+00  -6.1673033e-01   2.9219739e-01  -2.3983080e-01  -1.4500417e-01  -1.3143828e+00  -3.6806431e-01  -2.0072619e-01   1.2529905e+00   1.2726214e+00   1.7573121e-02
   2.0000000e+00  -3.3950522e-01   2.2463986e-03   5.6357241e-01  -9.4591121e-01  -7.8942564e-01   3.8897305e-01   2.1053541e-01   7.0206942e-01  -2.5705822e-01  -1.4627168e-02
   2.0000000e+00   2.7688961e+00   7.9037872e-01   2.1441692e-01  -3.7765744e-01   6.9573708e-02   2.6538457e-01  -8.0523107e-01  -1.8901940e+00  -1.2431116e+00   9.1090094e-01
   1.0000000e+00  -5.7645659e-01  -1.0729269e+00   1.6652278e+00   1.2233071e-02  -7.0234048e-01   1.2368367e+00   8.2565933e-01   1.6717582e+00  -2.8530730e-01  -1.1737598e+00
   2.0000000e+00  -1.8705386e+00   3.2898302e-01  -1.8624779e+00   7.2572356e-01   1.4423644e-01   4.4543024e-01  -2.4382258e+00  -1.1129587e-02  -1.4064133e+00   1.1799441e+00
   2.0000000e+00  -2.9323335e-01   3.2338087e-01   1.5543407e-01   1.4985335e+00   1.2719566e+00   7.4231577e-01  -6.7872500e-01   2.6421734e-01   2.0204500e-01   3.0546260e-01
   2.0000000e+00  -4.2473722e-01  -1.2763105e+00  -1.5252222e+00  -9.2750009e-01   7.0170757e-01  -1.0850572e+00   9.0563310e-01   5.4888720e-01  -6.0061236e-01  -7.5671715e-01
   1.0000000e+00   2.2497695e-01  -1.4106198e+00  -1.0432574e-01   3.1142018e-01   3.8150538e-02   3.6964974e-01  -5.3837790e-02  -2.3007418e-01   7.6279182e-02  -7.0710482e-01
   2.0000000e+00   1.8096515e+00  -2.3997827e-01  -1.9900349e+00  -1.5307288e+00   4.1018758e-01  -1.4509639e-01   1.7201343e+00  -7.8310064e-02   1.8484750e+00   2.1134017e+00
   2.0000000e+00   7.1544131e-01   1.3423397e-01  -1.7610126e+00  -1.4393703e-01  -8.2421584e-01   2.3170192e-01  -1.0436173e+00  -1.6645151e+00   8.8919921e-01   1.7987517e-01
   2.0000000e+00  -1.3271262e+00   2.3190157e-02   3.2957125e-01  -1.3483676e+00  -1.0896725e+00   3.5598832e-02   1.5741745e-01  -7.2987162e-01   1.5891820e+00   4.1023232e-01
   2.0000000e+00   5.7334064e-02   2.9451846e-01   1.3332673e+00  -8.1540943e-02  -7.5898542e-01  -6.5833550e-02   1.0153094e+00  -1.0086552e+00   3.1293427e-03  -2.6856806e-01
   2.0000000e+00  -1.0131098e+00   3.7897225e-01  -1.4445248e+00  -1.8215278e-01   3.4568660e-01  -6.9146749e-02   1.6452786e+00   4.6870788e-01   1.4741536e+00  -2.2060275e-02
   1.0000000e+00  -3.7959771e-01  -5.7474939e-01  -3.1701062e+00   3.7140617e-01  -2.8523031e-01   1.8907792e-01  -5.4546325e-01   5.7632828e-01   2.7010785e-01   1.7523433e+00
   2.0000000e+00   8.7329174e-01  -2.2003306e-01   1.3649711e+00   1.4329080e+00   4.1829938e-01  -9.5283652e-01  -4.2674597e-01  -5.6019658e-01   1.1187462e+00   1.4153117e+00
   2.0000000e+00   8.0934716e-01  -8.9854459e-01  -5.8881202e-01   4.9974147e-01   8.6717559e-01  -2.5416416e-01  -2.2449163e-01   3.2836311e-01   1.5123215e+00   1.2481247e-01
   2.0000000e+00  -9.8706368e-02  -2.9140354e-01   5.7835639e-02   1.4088630e-02   7.4866546e-01   2.5238067e+00  -2.1771754e-01  -5.3193118e-01  -2.5671578e+00  -1.4425042e-01
   2.0000000e+00  -4.2153452e-02   7.6256346e-01  -9.7721153e-01  -4.8046391e-01  -8.0361166e-01   3.4323996e-01  -1.3891072e+00  -1.0013574e+00   1.9674230e+00   1.9989149e+00
   2.0000000e+00  -1.3607375e-01   4.7017528e-01   1.0442456e+00  -1.5624957e-01   1.0690062e+00   1.7014037e+00   6.5246544e-02   8.9369718e-01  -7.5583973e-01  -2.1241224e-01
   2.0000000e+00  -1.1338710e+00  -1.4196299e+00   1.2948771e+00   7.8561523e-01  -7.6508814e-01  -8.7069746e-01   1.4540454e+00  -1.7171302e+00   1.1227683e+00  -2.4021912e-01
   2.0000000e+00   6.0892696e-01   5.9999376e-01   1.7392748e+00  -3.9471556e-02   4.9988639e-01  -6.6114766e-01  -7.8638800e-01  -5.1100109e-02   1.6517632e+00  -1.1632396e+00
   2.0000000e+00   8.1811368e-01  -1.3583966e-01  -5.6519887e-01   9.8531225e-02   2.6375113e-01   3.0169532e-01   1.9493374e-01  -1.1898039e+00  -1.3379415e+00  -7.1516293e-01
   2.0000000e+00   3.6926352e-01  -6.1524544e-01   9.0190667e-01  -9.4493231e-01  -9.3173116e-01  -3.2154476e-01  -5.1591996e-01  -6.3128538e-01  -7.9871609e-01   7.1410465e-01
   2.0000000e+00  -7.0646187e-01   4.7677969e-01  -6.8059057e-01   2.0606963e+00  -3.5763705e-02   2.7390784e-01  -6.2915825e-02   2.6824007e-01   2.2118918e+00  -1.3803441e+00
   2.0000000e+00   3.1068087e-01   6.9283315e-01  -1.0569407e+00   7.0017194e-01  -1.1424041e-01   1.0301658e+00  -8.3236685e-01   7.7787142e-01  -1.3904404e+00   1.2560959e+00
   2.0000000e+00  -5.0011351e-01   4.9221685e-01  -1.3251158e-01  -3.2915945e-01  -2.3440523e-01   1.7107913e+00  -6.2362457e-01   7.7136212e-01  -1.5376960e-02   5.8859791e-01
   2.0000000e+00   1.8405650e+00  -1.1085097e+00  -2.5293747e+00  -4.7232146e-01   9.1774036e-01  -5.5861597e-01  -1.6415078e+00  -1.1447888e-01  -3.7205782e-01   4.1624733e-01
   2.0000000e+00   6.8151672e-01  -2.3800155e+00  -2.3435614e-01  -5.6413540e-01   9.1448989e-01  -1.2321901e-01  -1.2686566e+00   6.0265383e-01   1.2701451e+00  -4.6252743e-01
   2.0000000e+00  -1.5298530e-02   1.5546451e+00   1.6822392e+00  -7.1214520e-01   3.6299045e-01   6.7749261e-01   1.6738279e+00   8.4671862e-02   1.2851827e+00   1.6482069e+00
   2.0000000e+00   5.2468001e-01  -3.4991395e-01   3.2383612e-02  -1.1487819e+00  -1.0629087e+00   1.2507406e+00  -1.6056800e+00  -1.0384259e+00  -1.6347429e+00  -6.7168045e-02
   2.0000000e+00   6.0028370e-02  -3.7751871e-01   4.9692281e-01  -1.3939484e+00   4.2471829e-01  -1.7589426e+00  -7.2752993e-01  -1.0706143e-01  -9.7119577e-01   8.6529769e-01
   2.0000000e+00   4.2246091e-01   6.3668285e-01   7.2212673e-02  -3.2401531e-01   6.1414636e-01   5.6427102e-01   6.7459550e-01  -2.9897620e-02  -1.7963113e-01  -1.8304830e-01
   2.0000000e+00   1.3318435e+00  -4.2614772e-01  -1.3877435e+00  -1.2903156e+00   5.4522033e-01  -1.3449791e+00  -7.8695706e-01   3.3571551e-01   9.0200779e-01  -2.7958164e-02
   2.0000000e+00  -6.6617960e-01  -1.0784518e+00  -1.3422544e+00  -1.7103460e-01  -1.7964887e-01  -6.9617624e-01  -5.8712938e-01  -7.9492419e-01  -9.7297222e-01   1.9869482e-01
   2.0000000e+00   3.6155212e-01  -6.4369781e-01   2.2594246e-01  -1.0917590e+00  -6.2761252e-01  -1.1531632e+00  -1.1371564e+00  -1.7707366e+00   4.4422967e-01   2.8336338e-01
   2.0000000e+00  -4.5565914e-01  -2.6701947e-01   1.8598586e+00  -2.6930647e-01   6.0923821e-01   6.5062347e-01   8.2995078e-01  -1.8331312e-01   5.3688133e-01  -1.0495310e+00
   2.0000000e+00   1.0665436e+00   1.2687286e+00   7.5388615e-02   8.5651833e-01   8.1600763e-02  -8.0927870e-01   3.6175402e-01  -2.4661015e-01  -6.8647994e-01  -1.9542117e+00
   1.0000000e+00   5.4225169e-01  -1.2211412e+00  -1.1688316e+00   1.3736158e-01   5.2276247e-01  -1.3440885e+00  -6.3186213e-01  -1.1278548e+00   6.3730373e-01  -9.5328364e-01
   2.0000000e+00   1.0745562e+00  -5.0255792e-01  -1.0389380e+00  -3.0945647e-01   1.3367402e+00   1.1327684e+00  -3.9427620e-01   1.9783537e-01  -1.3099469e+00   1.6492892e-01
   2.0000000e+00   1.1748445e-01   8.1997226e-01  -9.2915772e-03   9.8064252e-01   3.8337762e-01   5.0651648e-02  -1.9622391e+00  -1.3270297e+00   2.0633821e+00   1.3410556e+00
   2.0000000e+00  -1.9348967e-01   2.7241726e-01  -1.1748536e-01  -1.2658754e+00   9.0906623e-01   2.4805412e+00   1.0436929e+00   9.6259308e-01  -6.9238532e-01   9.4199417e-01
   1.0000000e+00  -5.5955877e-01  -7.4087539e-01   1.4675903e+00   6.9978527e-01  -1.1294832e+00  -6.9761036e-01  -5.5908844e-01  -4.5893809e-01   6.6008373e-01   5.9841071e-01
   2.0000000e+00  -1.4027341e+00   3.1330739e-01  -1.6454547e+00  -1.0505042e+00  -1.9634163e-01   3.9259126e-01   3.8099271e-01   1.0669664e+00   7.1493432e-01  -1.2632294e+00
   2.0000000e+00  -4.7832250e-01  -7.9195263e-01  -6.3451364e-01   1.9637838e-01  -2.3258236e-01   1.5775786e+00   2.8996395e-01   1.1944184e+00  -1.1233382e+00   8.0219418e-01
   2.0000000e+00  -9.2322940e-01   1.6641996e+00  -1.1983379e-01  -1.7486339e+00  -4.3197336e-01  -4.0139962e-01   1.3912760e+00  -7.3825730e-02   6.0460038e-02   1.2648348e+00
   1.0000000e+00  -1.0974442e+00   2.0405905e-01  -8.1601475e-01   3.2432818e-01   1.4829003e-01   3.7086286e-01  -1.7353725e-01   2.2608826e-01   7.1772779e-01   1.5278846e+00
   2.0000000e+00  -7.0935582e-01   3.6797369e-01   5.7315296e-01  -1.6244351e+00  -4.2390695e-01  -1.9448790e+00   7.3388359e-01  -8.7770298e-01  -1.0597390e+00   1.2843690e-01
   2.0000000e+00   7.2292363e-01   2.0939617e+00   4.3905549e-01   1.2714738e-01   6.8297450e-02  -3.8436556e-01   1.1436802e+00  -5.6762625e-01   6.1559577e-01  -4.1100597e-01
   2.0000000e+00   1.0993985e-01   1.2168597e+00   2.9310190e+00  -1.5220862e+00  -4.4485701e-01   1.3241157e+00   4.9999777e-01   7.2126565e-01   5.9827302e-01   1.8045385e+00
   2.0000000e+00  -7.3026117e-01  -1.4495480e+00   1.3551873e+00  -4.2548480e-01  -7.9380070e-01   7.9381918e-01   1.6271208e+00   7.2917390e-01   4.2857960e-01  -6.0804838e-01
   2.0000000e+00  -1.3076554e+00  -2.9350593e+00  -1.7557109e-01  -1.8519898e+00   1.2830977e+00   1.5302000e+00  -8.2773309e-01   2.3616485e-01  -8.6298830e-01   5.9513364e-01
   2.0000000e+00   1.6773679e-01   2.0419678e+00  -6.2851790e-01   3.1753081e+00   1.2844776e-01  -4.8128004e-01   2.5849055e+00   1.1671145e+00   5.5355401e-01  -1.1584017e+00
   2.0000000e+00   2.5635807e-01   8.5849653e-01  -5.2786481e-02  -2.3393647e-01  -3.4326351e-02  -9.8408190e-01   3.6147105e-01   3.6569656e-01  -2.8011030e-01   4.5326886e-01
   2.0000000e+00  -5.5159045e-01   1.9051752e-01  -1.3095372e-01   8.3906356e-01   2.8349164e-01   9.3811216e-01  -4.6766178e-01  -1.1463070e+00   6.8452021e-01   1.0079626e+00
   2.0000000e+00  -2.4039093e-01   1.3729723e-01   1.6770464e-01  -1.9945421e-01  -8.3056696e-01  -1.8400780e+00  -4.5740527e-01   4.7776156e-02  -1.5928249e+00   1.8046384e-02
   2.0000000e+00   8.9753536e-01  -3.0040852e-01   5.4577435e-01   1.1716718e+00   1.7223144e-02  -1.6100311e+00   3.1303630e-01   6.7428287e-01   8.9340343e-01  -4.0770418e-01
   2.0000000e+00   9.2209289e-01   1.6051733e-01  -4.2090643e-01  -2.3472755e-02   1.2833520e-01   4.3384101e-01   3.1122146e-01   6.4591709e-01  -8.9415750e-01  -8.2995777e-01
   2.0000000e+00  -1.0796582e+00   1.7281583e+00   8.6160059e-01  -5.1278776e-01   4.0451213e-01   1.1837315e+00   2.2838663e+00  -2.2279297e+00  -1.2149944e+00  -1.8968333e-01
   1.0000000e+00  -5.1397265e-01  -8.5764500e-01   3.2943521e-01   4.9674500e-01  -8.0067694e-01   1.9651851e-01  -2.4145798e+00   6.7337541e-01   1.7293721e-01   2.3803019e-01
   2.0000000e+00  -1.5919818e+00  -1.3350028e+00   1.9003304e+00  -7.5175110e-02   6.7541730e-02   1.9993535e-02  -2.4200678e-01   2.3605822e+00  -4.2841337e-01  -9.3112875e-01
   2.0000000e+00   1.0803423e+00  -1.2505817e-01  -2.7350843e-01  -6.4734094e-01  -1.0054021e+00  -2.9125248e-01   1.8451893e+00   2.8474266e-01  -5.0577550e-01  -3.7229830e-01
   2.0000000e+00  -7.7392281e-01  -5.1426979e-01  -1.4236342e+00  -9.9351606e-01   1.5208954e-01  -3.4983966e-01  -2.0974207e-01   1.9931983e+00   1.9359581e+00  -3.7745586e-01
   2.0000000e+00   3.8868162e-02  -5.8062047e-01   1.3620690e+00  -3.9350580e-01   1.1486806e+00   3.7698473e-02   1.0958056e+00  -2.0737477e-01  -1.3035974e+00  -5.6093669e-01
   2.0000000e+00  -5.9588997e-01  -2.6123761e+00   1.5815693e-01  -2.9205005e+00   5.8981012e-01  -2.2929239e-01   5.6874816e-01  -4.4895291e-01  -1.1972326e+00   7.8360805e-01
   2.0000000e+00   1.0451583e+00   2.2887564e-01   3.4831074e+00   2.5252812e+00   1.3640085e+00   3.9606316e-01   7.6803786e-01  -1.1638807e+00   5.0914207e-01   1.2545360e+00
   2.0000000e+00  -1.9207543e-02  -9.4685445e-01  -6.2929277e-01   5.9095997e-01  -3.1376464e-02  -7.8209771e-01   2.3536559e-01  -3.8655942e-01   1.5002966e+00   7.2754836e-01
   2.0000000e+00   2.7146507e-02  -3.9296859e-02   6.3636396e-01  -2.1337122e+00  -4.0196839e-01   3.3665023e+00  -1.2378042e+00  -4.8330355e-01  -6.6819329e-01   1.1011525e+00
   2.0000000e+00   9.8587806e-01   3.7353713e-01  -5.7097477e-01  -8.4067785e-02  -6.7951174e-01  -1.3506024e+00   1.8469065e+00  -1.6607382e-01   4.4311766e-02  -7.5046579e-01
   2.0000000e+00   8.3077232e-01  -5.2741977e-01   1.3029659e+00  -7.7535850e-01  -9.4120154e-01  -2.1664024e+00  -3.2845093e-01  -2.1604697e+00   6.5493182e-02   8.9825766e-01
   2.0000000e+00  -1.7051507e+00  -3.9281992e-03  -1.7255918e+00  -7.3125256e-01   1.0469617e-01  -1.6981884e+00   9.1004955e-01   8.6960966e-02   4.3699203e-01  -1.5542584e+00
   2.0000000e+00   7.3020930e-02   9.4660843e-01  -2.0920666e-01   1.2267153e+00   1.2994180e+00   6.9650743e-01  -8.6580681e-01  -8.5162024e-01   5.2930896e-01   4.6132644e-01
   2.0000000e+00  -1.9478686e+00  -2.3427287e+00   9.9375182e-01  -3.4026248e-01  -6.5500487e-02   4.9494060e-01   9.2215571e-01   1.3917119e+00   2.2014402e+00   3.0529029e-01
   2.0000000e+00   6.2992651e-01  -3.3118958e-01  -8.3805890e-01   6.4872134e-01   1.3711013e+00   2.6558446e-02  -1.3115692e+00  -4.2798372e-01   1.4465475e+00  -4.7953106e-01
   2.0000000e+00  -1.4808293e-01   1.0130912e+00   1.0961279e+00  -1.6464155e-01   2.4626408e-02  -1.0577591e+00  -1.9022630e-01  -2.3009317e+00  -8.3181804e-02   5.4128014e-01
   1.0000000e+00  -7.1888978e-01   1.6863384e+00  -4.8355681e-01   5.1847342e-01   6.1364541e-01   6.0338612e-01  -1.0618334e+00   5.7856345e-01   1.3606918e-01  -7.5784867e-01
   2.0000000e+00  -1.4513827e+00  -8.9749686e-01   9.0038511e-01   1.9216148e-01  -6.3733686e-01  -3.4241014e-01   3.3148889e-01   1.8130137e+00  -1.0468539e+00  -8.8670148e-01
   2.0000000e+00  -6.7654415e-02   1.0507656e+00   7.2237192e-01  -1.7371970e+00   3.3078094e-01   1.0801959e-01   2.5060287e-01   2.0496547e-01  -5.6246772e-01  -1.1494935e+00
   1.0000000e+00   1.4880765e+00   1.2925118e+00  -1.2879029e+00   1.5403818e-01   1.8888188e+00  -3.4850201e-01  -2.4735938e-01   1.1237285e+00   3.0050914e-01   1.9429615e-02
   2.0000000e+00   1.2031853e+00   2.5969963e-01   3.0086588e+00   1.0766655e+00  -1.2267966e+00   5.1095922e-01  -1.7135913e-03   2.3193428e+00  -1.0660466e+00   6.2282679e-01
   2.0000000e+00   9.8006494e-01  -6.1793192e-01  -1.9622760e-01  -5.5146925e-01  -2.8262110e-01  -1.7874364e+00   1.0027933e-01   2.0726592e-02   5.9708064e-01  -3.3158815e-01
   2.0000000e+00   1.8016058e-01  -5.1331854e-01   4.1142383e-01  -2.0755016e+00  -5.7363425e-01   2.0073606e-01   1.0951932e+00  -1.6523062e-01  -8.5044010e-01  -8.4611433e-01
   2.0000000e+00   1.0356330e+00   6.4014155e-01  -1.2174276e+00   8.5930812e-01   3.2858831e-01   3.4991864e-01   1.3975829e+00  -3.6941054e-01   6.8912274e-01  -5.0744130e-01
   2.0000000e+00  -2.5773929e+00  -4.7039802e-01  -1.6840932e+00   8.8210217e-01   8.1762849e-01  -5.3603808e-01  -9.5329574e-01   1.6793526e+00   6.0234587e-01   4.4324710e-01
   2.0000000e+00   5.9800788e-01   1.1092951e+00   2.6069513e-01  -6.9313985e-01   2.0917475e+00  -1.1654416e-01   1.3969869e+00   1.8953437e+00  -4.2836455e-01  -6.6164297e-01
   2.0000000e+00   5.0487074e-01   1.0249397e+00   5.2976786e-01  -1.5651659e+00   4.5907980e-01   1.8813532e+00   1.3189462e-01  -1.2245470e+00  -3.4729396e-01   1.6974804e-01
   2.0000000e+00   8.4029082e-01  -2.9630676e-02  -4.0178001e-01  -1.0625866e+00   1.2025750e+00   4.4317312e-01   3.3611488e-01   8.4713960e-01   5.9214813e-01  -6.1661460e-01
   2.0000000e+00   1.2128959e+00   8.1744244e-03  -7.2109205e-02  -2.7467159e-01  -6.5898181e-01  -1.2450842e+00   1.0960039e+00  -1.2400317e-01  -2.7925289e-01  -1.0813817e+00
   2.0000000e+00   2.1419812e+00   2.0893274e-01   9.0033504e-01   2.3565363e+00  -6.2644107e-01  -5.6142629e-02   7.9290852e-01   7.6650276e-01  -6.9990729e-02   4.3703842e-01
   2.0000000e+00  -2.4300866e-01   4.6951454e-01  -2.0780548e+00  -2.1327871e+00  -4.9413191e-01  -1.6986133e+00  -9.4560916e-01  -8.8209507e-01   1.3093727e+00   1.0247595e+00
   1.0000000e+00  -2.4876648e-01  -6.6721879e-01  -4.7833887e-01   6.6104270e-01  -1.0303058e+00   6.2120180e-01  -1.3475116e-01   1.2294548e+00  -1.1284165e-01  -1.1555558e+00
   2.0000000e+00  -6.7464835e-01   1.7175514e+00   1.5205343e+00  -6.5844081e-01   3.3316227e-01   6.5721519e-01  -1.3485556e+00   1.3271085e+00  -4.0616084e-01   2.4021045e-01
   2.0000000e+00  -2.9924860e-01   1.7880165e-01  -1.5323877e-01   5.8105959e-01  -2.2311054e-01   6.2281888e-01  -1.4461482e+00  -8.5880093e-01   1.2959850e+00   7.1345391e-01
   2.0000000e+00  -1.2240736e+00   1.0921934e-01   7.8468978e-01   1.1872088e+00   4.7839756e-01  -7.6622556e-01   4.2251583e-01   2.4870277e-01   5.3422550e-02   1.1293909e+00
   2.0000000e+00   1.9363255e-01  -9.1949845e-01   1.1111012e-01  -3.4383533e-02  -3.6676431e-01   5.2138230e-01   1.2790303e+00  -4.6457937e-01  -8.6511924e-01  -3.8799587e-01
   2.0000000e+00   2.6038391e-01   1.3227331e+00   3.3509156e-01  -2.1521498e+00  -3.8947428e-01  -5.6244125e-01   2.1187077e+00   1.6419306e+00   8.5009062e-01   3.3980881e-01
   2.0000000e+00   1.1721166e+00   1.4129881e+00  -1.1497869e+00  -1.8663518e-01   1.6633411e+00  -1.2772558e+00  -1.0916825e+00  -1.2070457e+00  -4.4919278e-01   1.7898136e-01
   2.0000000e+00  -1.1286631e-02   1.9975650e+00   2.5629337e-01   2.1324626e-01   5.7223768e-01  -1.3122938e+00   1.7162382e+00  -6.9676509e-01   1.2862063e+00   1.0891686e+00
   2.0000000e+00   2.4122920e-01  -3.6839919e-01  -3.4680904e-01  -6.4909339e-01   1.0525683e-01   1.0415259e-01  -1.3062281e+00   2.9072624e-01  -2.0875556e-01  -6.1982165e-01
   2.0000000e+00   2.4173607e+00   6.0991987e-01   1.3062597e+00  -2.0772511e+00   4.6479999e-01   2.9417040e+00   1.3310925e+00   5.1431829e-01  -8.6912598e-01  -1.6441847e-01
   2.0000000e+00  -1.1070952e+00  -1.0413176e+00  -1.1957642e-01  -2.0636382e-01   7.3041974e-01   1.5524817e+00  -1.2301662e+00  -1.5958650e+00   2.8741396e-01  -9.7244287e-01
   2.0000000e+00   6.1304015e-01  -1.5175801e-02  -3.4125987e-01  -1.4224955e+00  -2.0387523e+00   8.8128983e-01  -5.5544381e-01  -6.1836666e-01  -7.9497952e-02  -5.9902679e-01
   2.0000000e+00  -4.8574773e-01  -9.9615058e-01   9.4561201e-01   2.5167707e+00  -5.4518152e-01   5.3402087e-02   3.2357535e-01   5.5863181e-02  -1.1244274e+00  -1.2212952e+00
   1.0000000e+00  -1.3037869e+00  -1.8885770e+00  -8.0991258e-01   3.8906065e-01   7.7207822e-02  -2.1977623e+00  -4.2900303e-01   2.3627522e-01  -2.7329262e-02   1.0527321e-01
   2.0000000e+00   1.5954122e+00   6.5223070e-01   1.4346687e+00   2.1238319e+00   9.7549509e-01  -6.1691731e-01   1.6590396e+00   1.3346851e+00  -2.1147438e-01   9.1578832e-01
   2.0000000e+00   2.4104369e+00   1.5081297e+00   1.6530823e-01  -1.4229361e+00  -6.3943184e-01  -1.4926023e+00  -6.3210535e-01  -6.5268019e-01  -6.0534307e-01   1.6906741e+00
   2.0000000e+00  -1.7475598e+00  -9.3481493e-01  -1.6289011e-01  -3.2606886e-01   6.3711805e-01  -1.4557085e+00  -2.2169096e-01   1.2391568e+00  -2.9587028e-03   1.2968488e-01
   2.0000000e+00   4.3267990e-02  -1.8524798e+00   3.7313452e-01   6.9725366e-01  -8.1504469e-02   1.0943470e+00  -9.3131480e-01   6.1730983e-01   8.0525598e-01   1.0080679e+00
   2.0000000e+00  -9.0124547e-01   1.9664920e+00   1.8039683e-01  -4.9022240e-01   1.5250220e+00   1.5524413e-01  -1.8585906e-01   1.3513054e+00   2.7943754e-01  -4.1309132e-01
   2.0000000e+00   2.8904816e-01  -2.1880194e+00  -4.9433251e-01   5.3332527e-01   1.5795013e-02   6.3958994e-01   1.7777809e-02  -2.0870622e-01  -5.6291908e-01   1.5223428e-01
   2.0000000e+00   7.0792169e-01   1.4662852e+00   5.6974998e-02  -1.2056456e+00  -7.9866151e-01  -5.6380410e-02  -2.2016270e+00   7.6691319e-02  -2.0437419e-02   1.1427470e-01
   1.0000000e+00  -3.5245736e-01   5.6111672e-02   1.8142054e+00   1.4366351e-01   2.5797019e+00  -1.3849104e-01  -8.7820525e-01  -6.4458592e-01  -1.5629445e-01   8.7116884e-01
   2.0000000e+00   3.9477360e-01   2.9169919e+00   1.6496345e+00   6.6202020e-01  -4.2212866e-02  -2.2273638e-02   9.7562915e-01   5.6130913e-01  -1.9962040e+00  -1.1275458e+00
   2.0000000e+00  -5.0849680e-01  -4.5874361e-01   1.2276326e+00   1.6288348e+00  -1.6249144e+00  -3.7865008e-04   9.5018343e-01   2.8728180e-01  -5.1208733e-01  -1.0511594e+00
   2.0000000e+00   1.5786985e-01   3.6629559e-01   6.0143218e-03   5.2411387e-01  -2.6880980e-01   4.5644847e-01   4.1589926e-01  -1.2479127e-01   1.1924496e+00   8.5385364e-01
   2.0000000e+00   1.1581250e+00   1.1080759e+00   4.7878213e-01  -4.4985405e-01  -3.5300966e-01  -1.4560614e+00   6.4681571e-01  -4.7075114e-01  -1.4439250e+00  -2.2267997e-01
   1.0000000e+00  -9.4555001e-02  -1.3501099e+00   8.2282697e-01   8.7464827e-01  -1.4633285e+00  -1.8499652e+00   1.5114727e-01   1.1280997e+00  -3.4731208e-01  -1.3096135e+00
   1.0000000e+00   4.8857636e-01   5.0756000e-01  -1.1045649e-01   8.1930354e-01   1.0265215e+00   1.0654759e-01  -3.6997822e-01  -6.1004898e-01  -2.8265299e-01  -9.0894174e-01
   2.0000000e+00  -4.3753845e-01   2.4181820e-01   7.4737723e-01  -2.1485531e-01   2.3878138e-01  -1.7327778e+00   1.2985389e+00   3.1725519e-01  -9.0281828e-01   9.5954367e-02
   2.0000000e+00  -4.7340680e-02   5.2657436e-01   8.9189118e-01  -1.1550872e+00   1.4750070e+00  -1.3490415e+00  -1.8168453e-01  -7.8514079e-01  -6.8879635e-01   9.1487257e-01
   2.0000000e+00  -7.1530900e-01  -2.0437124e-01  -4.3172842e-01  -8.1948462e-01   5.3497274e-01  -1.1175178e+00  -1.2016372e+00  -1.2230125e+00  -1.0982734e+00  -4.9047863e-01
